19943,19939
17564,9667
16581,6724
15613,4539
14171,3411
13405,2737
12553,2264
10862,2210
10295,2186
9786,10759
9165,34797
8775,18284
Matrix SIZE completed:100

67174,74581
67116,37925
67111,26611
67089,19344
67103,15700
67113,13735
67071,15036
67113,15146
67128,15237
67120,14172
67081,14942
67184,17775
Matrix SIZE completed:200

222662,248698
212434,105453
187572,72809
187489,56462
187902,46870
188791,39304
188986,39292
188724,41945
188732,39050
188439,42315
188753,42080
188710,50872
Matrix SIZE completed:300

443671,493842
442383,248962
442446,172238
442316,132324
443165,108758
445320,94915
443795,95112
443268,92001
443834,92600
443638,92658
443795,95110
443976,99626
Matrix SIZE completed:400

895991,991682
857036,482798
857118,336500
857721,255478
857537,210837
858809,178589
858695,182450
858229,182879
858519,182582
858278,181121
858409,182621
858079,189553
Matrix SIZE completed:500

1477268,1653795
1476241,829735
1476378,570725
1476719,438990
1476416,362782
1479275,302316
1478461,302810
1479552,301847
1477492,308359
1478122,301120
1477885,306558
1477186,304331
Matrix SIZE completed:600

2338841,2622551
2336286,1315605
2336699,908640
2336848,696224
2337363,572104
2342873,489850
2425861,535430
2449115,482200
2340590,475506
2337007,484500
2337260,496196
2337613,477970
Matrix SIZE completed:700

3493495,3910136
3515571,2036541
3774632,1357544
3494134,1038952
3495900,853421
3494415,720262
3495526,724670
3493862,731942
3522832,723187
3499037,711162
3495318,715478
3493631,708907
Matrix SIZE completed:800

4951696,5553909
4953391,2843305
5148732,1910239
4950874,1473924
4949570,1211115
4949519,1014085
4980812,1023966
4952041,1023230
4949118,1022144
4950028,1017583
4948972,1012178
5006653,988935
Matrix SIZE completed:900

6788074,7615023
6786500,4019471
6971051,2622459
6786291,2019097
6790650,1659431
6981801,1482093
6786410,1409804
6786879,1371311
6798758,1368566
7109681,1370809
6790993,1370986
6786554,1385148
Matrix SIZE completed:1000

9233980,10124059
9015273,5080920
9384505,3498763
9010584,2684154
9014912,2204034
9029366,1851748
9015879,1852546
9301475,1850569
9018335,1928491
9011254,1819566
9381645,1850534
9012458,1814348
Matrix SIZE completed:1100

11770682,13531113
11742830,7182877
11725140,4520815
12230705,3627337
11929846,2867345
12030866,2409460
11816457,2393932
11762231,2450905
11755593,2381430
11727285,2392041
11725516,2366501
11728729,2343353
Matrix SIZE completed:1200

14855029,16703102
14853986,8356725
15224990,5754184
14858731,4437438
14877180,3631516
15314115,3068386
14889685,3067019
14893667,3003215
15432765,3042281
14852791,3021494
15146444,2991487
14879712,3027068
Matrix SIZE completed:1300

18791052,20842609
18576917,10861252
18598420,7255124
18576960,5535326
18578441,4543015
18566772,3811614
18686748,3811338
18561381,3778229
18897500,3811465
18993856,3747121
19324819,3706563
18567386,3716806
Matrix SIZE completed:1400

22815005,26342613
23561409,12855139
23170095,8853097
23193789,6831237
23195584,5588330
23433847,4660455
23440107,4692517
23479433,4697081
23099150,4631946
23243852,4633749
23129262,4672353
23532569,4573049
Matrix SIZE completed:1500

27774603,31324488
28156149,15580881
27787622,10891177
28185517,8247344
27787754,6795894
28302205,5736181
28112175,5661189
28081580,5656335
28117386,5633718
27762915,5567232
28227092,5561685
28112800,5491249
Matrix SIZE completed:1600

33396099,37766888
33233312,19405806
33630700,12959524
33621330,9937520
33673191,8143439
33619905,6830956
33667530,6894744
33631450,7980324
33647637,6754779
33701432,6660234
34029527,6662585
33282666,6653215
Matrix SIZE completed:1700

39865290,44753871
40317868,22370847
40645488,15314773
40057654,11790950
40136123,9737818
39820723,8115746
40075366,8139915
40231787,8128242
39979575,8002335
40025044,7990046
39676938,7909621
41048623,7875424
Matrix SIZE completed:1800

47835737,53567310
47126882,26668114
46737646,18166613
47188527,13913887
47560926,11471867
47121045,9633393
47212076,9542224
47578242,9554363
46946173,9767611
47673768,9428598
47173569,9379440
47141132,9288230
Matrix SIZE completed:1900

55602269,61721020
55397480,31693342
55948655,21498752
55796704,16328345
56264898,13395930
56127661,11236147
55910003,11094060
56270684,11091205
55653406,11283815
55294218,10986291
55634345,10935704
55171417,11011893
Matrix SIZE completed:2000

63917848,71862121
64160923,36362589
64255038,24562909
64326315,18938090
64272585,15512109
64106659,12938519
63761005,12986481
64042633,12892424
63338938,12842558
64047104,12726318
64385797,12671801
63285508,12582795
Matrix SIZE completed:2100

73765166,82935085
73240211,41684412
73345948,28478976
74116875,21994672
73251700,17832129
74242402,15009262
73667882,14842582
73996718,14813244
73708000,14759963
74164249,14638947
73881595,14726963
73794529,14554805
Matrix SIZE completed:2200

85336474,94912886
85057910,47520635
83759876,32187225
83473647,24762091
83919144,20363236
83813008,17088897
83758481,17218960
83469602,16910930
84526110,16852623
84811067,16680502
83880019,16750629
83871768,16567457
Matrix SIZE completed:2300

95597539,107608168
95909810,53990039
96705346,36615565
96850533,28284603
97412827,23186927
96762399,19319626
95793743,19367591
96077710,19163191
96636132,19119840
96598692,19100298
96563081,18866651
96702893,18847014
Matrix SIZE completed:2400

108848928,122873991
109217156,60635193
108433466,41446867
108634072,31795368
108640052,26127807
109001930,22090961
108886196,21872551
109056455,21798145
108761440,21561803
108600826,21601615
108454989,21337278
109376350,21416725
Matrix SIZE completed:2500

122726961,138345307
122789048,69077529
122812990,46553308
122128239,35896414
122857202,29562200
123047593,24660315
122964872,24660254
122131116,24393591
122505462,24375485
122433801,24147204
122251062,23859635
122675413,23866195
Matrix SIZE completed:2600

137166207,154558750
137829097,76972484
136769658,51986835
136276827,40095577
136568321,32893567
136912663,27476671
137148377,27592537
137418568,27273924
137023056,27219835
136685269,27184193
137090293,26767155
136765629,26934425
Matrix SIZE completed:2700

153203445,172166307
152336487,85308338
152554907,57942783
151810209,44633444
151800370,37513879
152400808,30785941
151620262,32480562
151542074,30602970
151701224,30193000
151615883,30280349
152160569,29903546
151591787,29649417
Matrix SIZE completed:2800

168142447,188855838
168230132,94423684
168296877,64469298
168192575,49702572
167555051,40852289
167591967,34145955
167705233,34154332
167901326,33960006
168851006,33864845
168933446,33393762
170245690,33120329
170698001,33034533
Matrix SIZE completed:2900

189081300,211545118
187690941,105254989
188592779,72097560
189156620,55104495
188444747,45113099
188168767,39298080
188783964,37562795
188778122,37579843
188996931,37298952
188341103,37045535
188475382,36649354
188614409,36456296
Matrix SIZE completed:3000

206455686,232378795
206975744,115945047
207436117,78779793
207713140,64866196
206387396,49759807
207712379,42655996
206877577,41732825
207172030,41489640
206434455,41005931
207340185,40890184
206442783,40667430
206992539,40329527
Matrix SIZE completed:3100

228052031,255148500
228974151,128596525
228564648,86716994
228848576,66762513
228267918,54773728
229550279,45892176
227609953,45726006
228613302,45446879
229418647,45081110
228456971,44897428
229347642,44466945
227123598,45980624
Matrix SIZE completed:3200

252971247,279222138
250405656,141162639
250914373,96288427
250051266,73159798
250627192,60130438
250278225,50116612
249422837,50164125
250578001,49759367
250633551,49479173
251321003,49114806
250514135,48842564
251213079,49057816
Matrix SIZE completed:3300

273196747,306753257
274108890,154193226
275142957,104488584
274010876,80074940
274503368,65705014
273822712,55044968
273837849,54586224
273476817,54516724
275454280,53991331
273089468,53680443
273586126,53476388
274735089,52865658
Matrix SIZE completed:3400

298887106,338126554
301668283,167111245
299566654,113566884
301036283,87407171
299368644,71741339
301312833,59913251
298022410,59643502
297499131,59131554
298922280,59334530
298251555,58631800
298305271,69691310
297636564,57788673
Matrix SIZE completed:3500

325100257,365937611
326233731,181747293
325414666,123358057
324283759,94964421
322118070,77922847
322573877,65032508
321998161,65235619
321635698,64846235
322876533,64076955
321784023,63946776
322749771,63300167
321860868,63010130
Matrix SIZE completed:3600

348511371,397084836
350883388,197095115
354111744,134896946
350661562,102839729
354457847,84655254
353297190,70920569
354610777,70889202
354797979,70153543
351995961,69372131
355282321,69126467
353939534,69322236
353656201,68033209
Matrix SIZE completed:3700

381691025,429626645
383853019,214220800
383763533,145277591
380457311,111544703
380862011,91562496
380686538,76659106
380861130,76301443
383136112,76131016
380362837,75668632
383212177,75031750
379440617,75032688
379463659,73908486
Matrix SIZE completed:3800

412186437,462418584
411900656,230512777
411977349,156229923
412592033,120849994
413311737,99052025
407547768,82779850
407909357,82738901
407221797,82185302
412581769,83563393
415149860,86440123
414758475,81676995
412429282,80174420
Matrix SIZE completed:3900

444924015,499539902
445835627,248635194
445541729,169163615
445639698,130363502
445818827,106933029
445985634,89376461
445076618,89347417
446711654,90112149
448190570,88186440
446638052,87401958
447459014,104296150
448190096,86050687
Matrix SIZE completed:4000

476575330,539931762
481141483,270752003
482527982,182682902
478299789,139888751
480433236,115196881
477026601,96196896
478885278,95574621
479069119,95379393
479497376,95288844
479546272,93913868
477669812,93170027
477947009,92806054
Matrix SIZE completed:4100

512725943,581522049
515888892,289888272
515945044,195632773
517904478,150657770
518332830,123819289
516454993,103467546
516751835,103301661
515312247,102764451
514517049,101456217
518257024,100855071
518252416,100221856
514488798,99980721
Matrix SIZE completed:4200

552466904,624126823
553457896,312094956
553574008,212634673
552622907,162094428
556165978,132704716
556744725,111455497
556198530,111135804
553937938,109523957
550483943,109195288
551973396,109179732
549952299,107717284
550199726,106773600
Matrix SIZE completed:4300

589944992,662893449
589903543,331967875
593484797,225007809
590965874,172912586
589347221,142616440
588376725,119090570
592421415,118221529
592109257,117883820
591992151,116691556
591771121,116503078
590476829,116242797
590077429,114532560
Matrix SIZE completed:4400

630612619,712352626
630934327,355308727
631293853,241093600
630695329,185557318
630366197,152285176
631630318,127075292
632406365,126484968
630545955,126332035
631298547,125488325
632138856,124126911
632171934,124288198
634878189,122568376
Matrix SIZE completed:4500

676867937,762033771
727004087,459159301
704863442,257405770
677757269,197796296
680442200,162724462
700377651,140174851
706774214,135521204
677295579,135140788
701339428,174985979
679548260,132770827
677682859,131818251
676210357,130663524
Matrix SIZE completed:4600

715559491,807919931
719873302,405891383
719138222,275065144
717266509,211628083
720071827,173493084
717300907,144966829
720880277,144513975
723201159,171757846
732328110,214610475
727265102,141201963
720242687,165408901
731721546,139659857
Matrix SIZE completed:4700

